                                 OLS Regression Results                                
=======================================================================================
Dep. Variable:                      y   R-squared (uncentered):                   0.175
Model:                            OLS   Adj. R-squared (uncentered):              0.158
Method:                 Least Squares   F-statistic:                              10.38
Date:                Fri, 06 Oct 2023   Prob (F-statistic):                   6.42e-162
Time:                        07:26:14   Log-Likelihood:                         -74752.
No. Observations:                5849   AIC:                                  1.497e+05
Df Residuals:                    5732   BIC:                                  1.505e+05
Df Model:                         117                                                  
Covariance Type:            nonrobust                                                  
==============================================================================
                 coef    std err          t      P>|t|      [0.025      0.975]
------------------------------------------------------------------------------
x1          1.112e+04   1140.126      9.752      0.000    8883.155    1.34e+04
x2           203.8045     14.485     14.070      0.000     175.409     232.200
x3         -5375.1297   1076.887     -4.991      0.000   -7486.234   -3264.025
x4          7717.8114   3874.709      1.992      0.046     121.918    1.53e+04
x5          1.647e+04   7757.113      2.123      0.034    1264.390    3.17e+04
x6          -641.2084   6527.183     -0.098      0.922   -1.34e+04    1.22e+04
x7         -1.283e+04   7847.899     -1.635      0.102   -2.82e+04    2555.829
x8         -7674.3066   5764.923     -1.331      0.183    -1.9e+04    3627.122
x9          -962.8291   6217.851     -0.155      0.877   -1.32e+04    1.12e+04
x10         1.273e+04   4092.625      3.110      0.002    4706.405    2.08e+04
x11         6280.4030   6144.831      1.022      0.307   -5765.787    1.83e+04
x12         2740.6110   4182.316      0.655      0.512   -5458.310    1.09e+04
x13         -384.0873   4395.832     -0.087      0.930   -9001.579    8233.404
x14        -2435.6058   4391.968     -0.555      0.579    -1.1e+04    6174.312
x15          272.8673   5601.693      0.049      0.961   -1.07e+04    1.13e+04
x16         9769.6055   7399.661      1.320      0.187   -4736.526    2.43e+04
x17        -3033.2523   6989.977     -0.434      0.664   -1.67e+04    1.07e+04
x18         2.564e+04   7526.454      3.407      0.001    1.09e+04    4.04e+04
x19        -8041.1915   6671.395     -1.205      0.228   -2.11e+04    5037.263
x20        -9728.3807   5117.736     -1.901      0.057   -1.98e+04     304.316
x21        -6384.4287   6234.572     -1.024      0.306   -1.86e+04    5837.689
x22        -1169.3804   4192.148     -0.279      0.780   -9387.575    7048.815
x23         5279.8798   4834.401      1.092      0.275   -4197.374    1.48e+04
x24        -6777.9784   7037.438     -0.963      0.336   -2.06e+04    7018.060
x25         5706.1334   6724.938      0.849      0.396   -7477.287    1.89e+04
x26         1.193e+04   4216.694      2.830      0.005    3666.418    2.02e+04
x27        -1081.8948   4073.021     -0.266      0.791   -9066.554    6902.765
x28         1481.7936   3089.335      0.480      0.631   -4574.470    7538.058
x29         7486.1569   6699.352      1.117      0.264   -5647.104    2.06e+04
x30        -1725.2830   6945.333     -0.248      0.804   -1.53e+04    1.19e+04
x31        -3153.1594   4318.836     -0.730      0.465   -1.16e+04    5313.391
x32          180.7593   6214.513      0.029      0.977    -1.2e+04    1.24e+04
x33         4318.4892   4355.018      0.992      0.321   -4218.992    1.29e+04
x34         5271.9519   6771.481      0.779      0.436   -8002.710    1.85e+04
x35         1972.2401   7393.227      0.267      0.790   -1.25e+04    1.65e+04
x36         6864.5232   6885.533      0.997      0.319   -6633.724    2.04e+04
x37        -4967.4617   5500.743     -0.903      0.367   -1.58e+04    5816.073
x38        -4199.8567   5888.252     -0.713      0.476   -1.57e+04    7343.342
x39         -432.2099   6632.929     -0.065      0.948   -1.34e+04    1.26e+04
x40          1.22e+04   4450.177      2.741      0.006    3472.548    2.09e+04
x41         7922.0317   5588.047      1.418      0.156   -3032.652    1.89e+04
x42         -813.6428   5682.968     -0.143      0.886    -1.2e+04    1.03e+04
x43         -818.2199   6494.281     -0.126      0.900   -1.35e+04    1.19e+04
x44         5873.1746   7414.933      0.792      0.428   -8662.896    2.04e+04
x45          528.6993   3862.733      0.137      0.891   -7043.717    8101.115
x46         8922.8714   6911.220      1.291      0.197   -4625.732    2.25e+04
x47        -1765.3792   5478.681     -0.322      0.747   -1.25e+04    8974.907
x48        -5572.4517   7390.434     -0.754      0.451   -2.01e+04    8915.591
x49        -1.337e+04   4514.083     -2.962      0.003   -2.22e+04   -4521.169
x50        -9878.1281   6848.692     -1.442      0.149   -2.33e+04    3547.896
x51        -6504.1920   6881.806     -0.945      0.345      -2e+04    6986.748
x52          705.8229   6653.956      0.106      0.916   -1.23e+04    1.38e+04
x53        -1618.8894   7504.969     -0.216      0.829   -1.63e+04    1.31e+04
x54         -687.6242   6970.464     -0.099      0.921   -1.44e+04     1.3e+04
x55        -4535.7821   6069.982     -0.747      0.455   -1.64e+04    7363.677
x56        -6439.7060   5737.749     -1.122      0.262   -1.77e+04    4808.450
x57         1.166e+04   5292.012      2.204      0.028    1289.663     2.2e+04
x58        -6419.8493   7050.651     -0.911      0.363   -2.02e+04    7402.092
x59         -696.9372   6961.108     -0.100      0.920   -1.43e+04    1.29e+04
x60         3284.4818   5725.982      0.574      0.566   -7940.608    1.45e+04
x61         -272.1678   4195.952     -0.065      0.948   -8497.820    7953.484
x62        -1.122e+04   5901.336     -1.902      0.057   -2.28e+04     344.277
x63         -922.7110   7642.832     -0.121      0.904   -1.59e+04    1.41e+04
x64        -1.933e+04   6551.777     -2.951      0.003   -3.22e+04   -6489.519
x65        -1.109e+04   6685.731     -1.658      0.097   -2.42e+04    2019.487
x66        -6544.9138   6015.065     -1.088      0.277   -1.83e+04    5246.887
x67        -1.094e+04   6850.792     -1.596      0.111   -2.44e+04    2495.013
x68         2.266e+04   7244.203      3.128      0.002    8460.548    3.69e+04
x69         5972.4211   7120.480      0.839      0.402   -7986.411    1.99e+04
x70        -1.226e+04   6609.427     -1.854      0.064   -2.52e+04     701.148
x71         6425.8910   7171.890      0.896      0.370   -7633.724    2.05e+04
x72        -1.132e+04   6478.628     -1.747      0.081    -2.4e+04    1384.519
x73        -4708.9256   5897.157     -0.799      0.425   -1.63e+04    6851.731
x74         2790.3371   4686.663      0.595      0.552   -6397.293     1.2e+04
x75         -1.36e+04   7536.145     -1.804      0.071   -2.84e+04    1178.478
x76          403.8510   6733.372      0.060      0.952   -1.28e+04    1.36e+04
x77        -9622.4534   7410.973     -1.298      0.194   -2.42e+04    4905.854
x78         9787.6774   5366.986      1.824      0.068    -733.644    2.03e+04
x79        -8361.2635   7539.537     -1.109      0.267   -2.31e+04    6419.079
x80        -2828.8963   5553.589     -0.509      0.611   -1.37e+04    8058.237
x81        -7221.3080   5661.754     -1.275      0.202   -1.83e+04    3877.869
x82        -1.037e+04   7443.059     -1.393      0.164    -2.5e+04    4224.827
x83         6062.7716   6733.428      0.900      0.368   -7137.292    1.93e+04
x84        -5236.6392   6535.738     -0.801      0.423    -1.8e+04    7575.878
x85         2064.4992   6822.505      0.303      0.762   -1.13e+04    1.54e+04
x86         1317.9751   7929.551      0.166      0.868   -1.42e+04    1.69e+04
x87         -753.3798   6756.574     -0.112      0.911    -1.4e+04    1.25e+04
x88        -4941.1192   7110.492     -0.695      0.487   -1.89e+04    8998.132
x89        -8350.5180   5493.338     -1.520      0.129   -1.91e+04    2418.501
x90         -890.3749   5969.572     -0.149      0.881   -1.26e+04    1.08e+04
x91        -9003.9024   7044.404     -1.278      0.201   -2.28e+04    4805.791
x92        -8460.7513   5902.460     -1.433      0.152      -2e+04    3110.301
x93        -7992.2549   6950.834     -1.150      0.250   -2.16e+04    5634.006
x94        -4093.1177   6507.444     -0.629      0.529   -1.69e+04    8663.932
x95        -5095.9048   7163.613     -0.711      0.477   -1.91e+04    8947.485
x96        -2.186e+04   7295.684     -2.996      0.003   -3.62e+04   -7557.691
x97         3506.2178   6739.269      0.520      0.603   -9705.297    1.67e+04
x98        -7719.7285   7416.273     -1.041      0.298   -2.23e+04    6818.969
x99         2507.1915   3418.787      0.733      0.463   -4194.923    9209.306
x100       -2.668e+04   4592.266     -5.810      0.000   -3.57e+04   -1.77e+04
x101       -1.037e+04   2780.380     -3.729      0.000   -1.58e+04   -4917.062
x102        3720.7026   3811.825      0.976      0.329   -3751.914    1.12e+04
x103       -3.054e+04   4054.304     -7.534      0.000   -3.85e+04   -2.26e+04
x104       -8910.5860   2938.223     -3.033      0.002   -1.47e+04   -3150.558
x105        4595.0203   4389.441      1.047      0.295   -4009.943    1.32e+04
x106       -5962.6136   4285.336     -1.391      0.164   -1.44e+04    2438.264
x107        2262.1253   4429.433      0.511      0.610   -6421.237    1.09e+04
x108       -2182.4630   5985.821     -0.365      0.715   -1.39e+04    9552.009
x109       -4561.5879   5203.016     -0.877      0.381   -1.48e+04    5638.289
x110        2736.4151   5636.203      0.486      0.627   -8312.674    1.38e+04
x111       -1.768e+04   6246.418     -2.831      0.005   -2.99e+04   -5435.723
x112       -3856.4311   3544.166     -1.088      0.277   -1.08e+04    3091.474
x113        1.308e+04   4485.139      2.916      0.004    4286.940    2.19e+04
x114       -2815.6506   6997.012     -0.402      0.687   -1.65e+04    1.09e+04
x115        1.175e+04   3608.115      3.257      0.001    4676.623    1.88e+04
x116        3211.4408   7744.413      0.415      0.678    -1.2e+04    1.84e+04
x117        5.522e+04   1.38e+04      3.991      0.000    2.81e+04    8.23e+04
==============================================================================
Omnibus:                     9883.954   Durbin-Watson:                   1.514
Prob(Omnibus):                  0.000   Jarque-Bera (JB):         10261976.961
Skew:                          11.457   Prob(JB):                         0.00
Kurtosis:                     206.918   Cond. No.                     1.03e+03
==============================================================================

Notes:
[1] R² is computed without centering (uncentered) since the model does not contain a constant.
[2] Standard Errors assume that the covariance matrix of the errors is correctly specified.
[3] The condition number is large, 1.03e+03. This might indicate that there are
strong multicollinearity or other numerical problems.