                                 OLS Regression Results                                
=======================================================================================
Dep. Variable:                      y   R-squared (uncentered):                   0.162
Model:                            OLS   Adj. R-squared (uncentered):              0.145
Method:                 Least Squares   F-statistic:                              9.453
Date:                Fri, 06 Oct 2023   Prob (F-statistic):                   3.27e-144
Time:                        07:24:04   Log-Likelihood:                         -33709.
No. Observations:                5849   AIC:                                  6.765e+04
Df Residuals:                    5732   BIC:                                  6.843e+04
Df Model:                         117                                                  
Covariance Type:            nonrobust                                                  
==============================================================================
                 coef    std err          t      P>|t|      [0.025      0.975]
------------------------------------------------------------------------------
x1            -3.1710      1.030     -3.079      0.002      -5.190      -1.152
x2             0.0002   1.16e-05     14.070      0.000       0.000       0.000
x3             4.1757      0.966      4.323      0.000       2.282       6.069
x4             3.6162      3.475      1.041      0.298      -3.195      10.428
x5             5.7731      6.957      0.830      0.407      -7.865      19.411
x6             4.8051      5.851      0.821      0.412      -6.666      16.276
x7            10.1349      7.036      1.440      0.150      -3.659      23.929
x8             7.1596      5.168      1.385      0.166      -2.972      17.292
x9            -8.0402      5.574     -1.443      0.149     -18.966       2.886
x10            2.1971      3.672      0.598      0.550      -5.002       9.396
x11            5.2101      5.509      0.946      0.344      -5.590      16.010
x12           10.2119      3.747      2.725      0.006       2.866      17.558
x13           -1.9758      3.941     -0.501      0.616      -9.701       5.750
x14           -1.7816      3.938     -0.452      0.651      -9.501       5.938
x15            2.5106      5.022      0.500      0.617      -7.334      12.356
x16           -3.9375      6.635     -0.593      0.553     -16.944       9.069
x17           -3.8825      6.267     -0.620      0.536     -16.167       8.402
x18           -0.9458      6.755     -0.140      0.889     -14.187      12.296
x19           -3.5192      5.982     -0.588      0.556     -15.246       8.207
x20           -2.9569      4.589     -0.644      0.519     -11.954       6.040
x21            4.3488      5.590      0.778      0.437      -6.609      15.307
x22            0.8608      3.758      0.229      0.819      -6.507       8.229
x23            1.0786      4.335      0.249      0.803      -7.419       9.576
x24           -3.4054      6.310     -0.540      0.589     -15.775       8.964
x25           -7.2708      6.029     -1.206      0.228     -19.089       4.548
x26           -3.0083      3.783     -0.795      0.427     -10.424       4.408
x27           -2.8781      3.651     -0.788      0.431     -10.036       4.280
x28           -0.8071      2.770     -0.291      0.771      -6.237       4.623
x29           -3.3909      6.007     -0.565      0.572     -15.166       8.384
x30           -7.2526      6.226     -1.165      0.244     -19.458       4.953
x31           -2.7126      3.872     -0.701      0.484     -10.303       4.878
x32           -6.6619      5.571     -1.196      0.232     -17.583       4.259
x33           -3.2423      3.905     -0.830      0.406     -10.897       4.412
x34            6.8830      6.070      1.134      0.257      -5.017      18.783
x35           -9.0595      6.627     -1.367      0.172     -22.051       3.932
x36            6.4953      6.173      1.052      0.293      -5.606      18.597
x37            9.3689      4.930      1.900      0.057      -0.297      19.034
x38           -3.8442      5.279     -0.728      0.467     -14.193       6.505
x39            3.1909      5.946      0.537      0.592      -8.466      14.848
x40           -1.4905      3.992     -0.373      0.709      -9.317       6.336
x41            9.0248      5.009      1.802      0.072      -0.795      18.845
x42           -8.0567      5.094     -1.582      0.114     -18.043       1.929
x43            1.9469      5.822      0.334      0.738      -9.467      13.361
x44            1.5196      6.648      0.229      0.819     -11.513      14.552
x45            6.7291      3.462      1.944      0.052      -0.058      13.516
x46           -0.5657      6.197     -0.091      0.927     -12.714      11.583
x47           -5.5991      4.911     -1.140      0.254     -15.227       4.029
x48           -9.8056      6.625     -1.480      0.139     -22.793       3.182
x49            6.9320      4.049      1.712      0.087      -1.006      14.870
x50           -2.6950      6.141     -0.439      0.661     -14.734       9.344
x51           -0.3184      6.170     -0.052      0.959     -12.414      11.778
x52            7.0309      5.965      1.179      0.239      -4.662      18.724
x53           -1.6948      6.728     -0.252      0.801     -14.885      11.496
x54           10.5284      6.248      1.685      0.092      -1.719      22.776
x55           -4.3195      5.442     -0.794      0.427     -14.988       6.349
x56           -3.0102      5.144     -0.585      0.558     -13.095       7.075
x57            6.3677      4.746      1.342      0.180      -2.936      15.671
x58           -7.5080      6.321     -1.188      0.235     -19.899       4.883
x59            5.1376      6.240      0.823      0.410      -7.096      17.371
x60           -4.5045      5.133     -0.878      0.380     -14.568       5.559
x61           -0.3400      3.762     -0.090      0.928      -7.715       7.035
x62           -3.4570      5.292     -0.653      0.514     -13.832       6.918
x63           -1.6362      6.852     -0.239      0.811     -15.069      11.796
x64           21.4215      5.872      3.648      0.000       9.911      32.932
x65           -2.1552      5.995     -0.359      0.719     -13.908       9.598
x66           -0.9130      5.393     -0.169      0.866     -11.486       9.660
x67            8.7792      6.142      1.429      0.153      -3.262      20.820
x68            7.2653      6.499      1.118      0.264      -5.476      20.007
x69           -4.2814      6.384     -0.671      0.502     -16.796       8.233
x70           -8.8901      5.926     -1.500      0.134     -20.508       2.727
x71            0.1771      6.430      0.028      0.978     -12.429      12.783
x72           -2.9296      5.810     -0.504      0.614     -14.319       8.460
x73           -5.5037      5.287     -1.041      0.298     -15.868       4.860
x74           -4.8426      4.201     -1.153      0.249     -13.079       3.394
x75            9.0611      6.757      1.341      0.180      -4.186      22.308
x76           -5.9916      6.036     -0.993      0.321     -17.825       5.842
x77           -5.6873      6.645     -0.856      0.392     -18.713       7.339
x78           -4.9543      4.813     -1.029      0.303     -14.389       4.480
x79           -3.6114      6.760     -0.534      0.593     -16.864       9.641
x80            7.5123      4.978      1.509      0.131      -2.247      17.271
x81           -2.1723      5.077     -0.428      0.669     -12.124       7.780
x82           -2.4032      6.674     -0.360      0.719     -15.487      10.680
x83           -0.6784      6.037     -0.112      0.911     -12.513      11.157
x84           -4.0033      5.860     -0.683      0.495     -15.490       7.484
x85           -0.5091      6.117     -0.083      0.934     -12.500      11.482
x86            9.2708      7.108      1.304      0.192      -4.664      23.205
x87            3.3751      6.057      0.557      0.577      -8.500      15.250
x88          -10.3609      6.374     -1.626      0.104     -22.856       2.134
x89           -5.9988      4.925     -1.218      0.223     -15.654       3.657
x90           12.5858      5.349      2.353      0.019       2.099      23.073
x91           -1.3721      6.316     -0.217      0.828     -13.755      11.010
x92           -0.5641      5.293     -0.107      0.915     -10.940       9.812
x93          -10.0928      6.231     -1.620      0.105     -22.308       2.122
x94            2.3170      5.834      0.397      0.691      -9.120      13.754
x95           25.1289      6.414      3.918      0.000      12.555      37.703
x96           -3.6862      6.546     -0.563      0.573     -16.518       9.146
x97            2.5694      6.042      0.425      0.671      -9.275      14.414
x98            0.5108      6.650      0.077      0.939     -12.525      13.546
x99            6.8876      3.064      2.248      0.025       0.881      12.894
x100           4.5961      4.129      1.113      0.266      -3.498      12.690
x101           1.7668      2.496      0.708      0.479      -3.126       6.659
x102           7.1910      3.416      2.105      0.035       0.494      13.888
x103          -3.7586      3.652     -1.029      0.303     -10.919       3.402
x104           1.6037      2.636      0.608      0.543      -3.564       6.772
x105          -6.5400      3.935     -1.662      0.097     -14.253       1.174
x106          -1.2243      3.843     -0.319      0.750      -8.757       6.309
x107          12.9211      3.968      3.257      0.001       5.143      20.699
x108          -4.0072      5.366     -0.747      0.455     -14.527       6.513
x109          25.8593      4.652      5.558      0.000      16.739      34.980
x110          -0.2756      5.053     -0.055      0.957     -10.182       9.630
x111          -4.7628      5.604     -0.850      0.395     -15.748       6.223
x112           8.6939      3.176      2.738      0.006       2.468      14.919
x113          10.2609      4.022      2.551      0.011       2.377      18.145
x114           5.4684      6.273      0.872      0.383      -6.829      17.765
x115           4.9795      3.237      1.538      0.124      -1.366      11.325
x116           4.9365      6.943      0.711      0.477      -8.674      18.547
x117         -15.5711     12.421     -1.254      0.210     -39.921       8.779
==============================================================================
Omnibus:                    11061.507   Durbin-Watson:                   1.722
Prob(Omnibus):                  0.000   Jarque-Bera (JB):         21637986.851
Skew:                          14.420   Prob(JB):                         0.00
Kurtosis:                     299.572   Cond. No.                     1.16e+06
==============================================================================

Notes:
[1] R² is computed without centering (uncentered) since the model does not contain a constant.
[2] Standard Errors assume that the covariance matrix of the errors is correctly specified.
[3] The condition number is large, 1.16e+06. This might indicate that there are
strong multicollinearity or other numerical problems.